05.605.755/0001-33SC510102SC      14176 14176 NF  1  03/08/2009S              169,20               12,00N                0,00                0,00                0,00              169,20                0,00                0,00                0,00                0,00                0,00                0,00                0,00                0,00                0,00                0,00                0,00                0,00                                            xxxx01
01.072.950/0001-94RS610102SC      14177 14177 NF  1  03/08/2009S              408,00               12,00N                0,00                0,00                0,00              408,00                0,00                0,00                0,00                0,00                0,00                0,00                0,00                0,00                0,00                0,00                0,00                0,00                                            xxxx01
10.194.833/0002-75SP610102SC      14178 14178 NF  1  03/08/2009S              816,00               12,00N                0,00                0,00                0,00              816,00                0,00                0,00                0,00                0,00                0,00                0,00                0,00                0,00                0,00                0,00                0,00                0,00                                            xxxx01
82.745.886/0002-48SC510102SC      14179 14179 NF  1  04/08/2009S               88,85               12,00N                0,00                0,00                0,00               88,85                0,00                0,00                0,00                0,00                0,00                0,00                0,00                0,00                0,00                0,00                0,00                0,00                                            xxxx01
83.648.477/0016-91SC510102SC      14180 14180 NF  1  04/08/2009S              100,53               12,00N                0,00                0,00                0,00              100,53                0,00                0,00                0,00                0,00                0,00                0,00                0,00                0,00                0,00                0,00                0,00                0,00                                            xxxx01
82.655.911/0001-11SC510102SC      14181 14181 NF  1  04/08/2009S               63,75               12,00N                0,00                0,00                0,00               63,75                0,00                0,00                0,00                0,00                0,00                0,00                0,00                0,00                0,00                0,00                0,00                0,00                                            xxxx01
83.646.984/0074-65SC510102SC      14182 14182 NF  1  04/08/2009S              330,48               12,00N                0,00                0,00                0,00              330,48                0,00                0,00                0,00                0,00                0,00                0,00                0,00                0,00                0,00                0,00                0,00                0,00                                            xxxx01
07.731.253/0001-84SC510102SC      14183 14183 NF  1  05/08/2009S               42,50               12,00N                0,00                0,00                0,00               42,50                0,00                0,00                0,00                0,00                0,00                0,00                0,00                0,00                0,00                0,00                0,00                0,00                                            xxxx01
07.731.253/0001-84SC510102SC      14184 14184 NF  1  05/08/2009S               42,50               12,00N                0,00                0,00                0,00               42,50                0,00                0,00                0,00                0,00                0,00                0,00                0,00                0,00                0,00                0,00                0,00                0,00                                            xxxx01
01.828.135/0001-02SC510102SC      14185 14185 NF  1  05/08/2009S               51,00               12,00N                0,00                0,00                0,00               51,00                0,00                0,00                0,00                0,00                0,00                0,00                0,00                0,00                0,00                0,00                0,00                0,00                                            xxxx01
83.648.477/0018-53SC510102SC      14186 14186 NF  1  05/08/2009S              183,90               12,00N                0,00                0,00                0,00              183,90                0,00                0,00                0,00                0,00                0,00                0,00                0,00                0,00                0,00                0,00                0,00                0,00                                            xxxx01
60.870.722/0003-90SP610102SC      14187 14187 NF  1  05/08/2009S              241,80               12,00N                0,00                0,00                0,00              241,80                0,00                0,00                0,00                0,00                0,00                0,00                0,00                0,00                0,00                0,00                0,00                0,00                                            xxxx01
10.513.804/0001-48SP610102SC      14188 14188 NF  1  05/08/2009S              440,40               12,00N                0,00                0,00                0,00              440,40                0,00                0,00                0,00                0,00                0,00                0,00                0,00                0,00                0,00                0,00                0,00                0,00                                            xxxx01
93.429.173/0001-00RS610102SC      14189 14189 NF  1  06/08/2009S              255,00               12,00N                0,00                0,00                0,00              255,00                0,00                0,00                0,00                0,00                0,00                0,00                0,00                0,00                0,00                0,00                0,00                0,00                                            xxxx01
59.350.116/0001-01SP610102SC      14190 14190 NF  1  06/08/2009S              204,00               12,00N                0,00                0,00                0,00              204,00                0,00                0,00                0,00                0,00                0,00                0,00                0,00                0,00                0,00                0,00                0,00                0,00                                            xxxx01
09.151.220/0001-90SP610102SC      14191 14191 NF  1  06/08/2009S              255,00               12,00N                0,00                0,00                0,00              255,00                0,00                0,00                0,00                0,00                0,00                0,00                0,00                0,00                0,00                0,00                0,00                0,00                                            xxxx01
07.719.691/0001-27SP610102SC      14192 14192 NF  1  06/08/2009S              204,00               12,00N                0,00                0,00                0,00              204,00                0,00                0,00                0,00                0,00                0,00                0,00                0,00                0,00                0,00                0,00                0,00                0,00                                            xxxx01
05.133.930/0001-37SP610102SC      14193 14193 NF  1  06/08/2009S              255,00               12,00N                0,00                0,00                0,00              255,00                0,00                0,00                0,00                0,00                0,00                0,00                0,00                0,00                0,00                0,00                0,00                0,00                                            xxxx01
09.000.493/0001-34SP610102SC      14194 14194 NF  1  06/08/2009S              408,00               12,00N                0,00                0,00                0,00              408,00                0,00                0,00                0,00                0,00                0,00                0,00                0,00                0,00                0,00                0,00                0,00                0,00                                            xxxx01
76.820.505/0001-64SC510102SC      14195 14195 NF  1  07/08/2009S              204,00               12,00N                0,00                0,00                0,00              204,00                0,00                0,00                0,00                0,00                0,00                0,00                0,00                0,00                0,00                0,00                0,00                0,00                                            xxxx01
02.486.536/0001-94SC510102SC      14196 14196 NF  1  07/08/2009S              134,40               12,00N                0,00                0,00                0,00              134,40                0,00                0,00                0,00                0,00                0,00                0,00                0,00                0,00                0,00                0,00                0,00                0,00                                            xxxx01
93.015.006/0014-38RS610102SC      14197 14197 NF  1  07/08/2009S             2083,20               12,00N                0,00                0,00                0,00             2083,20                0,00                0,00                0,00                0,00                0,00                0,00                0,00                0,00                0,00                0,00                0,00                0,00                                            xxxx01
08.482.881/0001-36SP610102SC      14198 14198 NF  1  07/08/2009S              408,00               12,00N                0,00                0,00                0,00              408,00                0,00                0,00                0,00                0,00                0,00                0,00                0,00                0,00                0,00                0,00                0,00                0,00                                            xxxx01
02.045.727/0001-10SC510102SC      14199 14199 NF  1  10/08/2009S               51,00               12,00N                0,00                0,00                0,00               51,00                0,00                0,00                0,00                0,00                0,00                0,00                0,00                0,00                0,00                0,00                0,00                0,00                                            xxxx01
83.096.123/0001-03SC510102SC      14200 14200 NF  1  10/08/2009S              212,50               12,00N                0,00                0,00                0,00              212,50                0,00                0,00                0,00                0,00                0,00                0,00                0,00                0,00                0,00                0,00                0,00                0,00                                            xxxx01
65.453.987/0001-45SP610102SC      14201 14201 NF  1  10/08/2009S              255,00               12,00N                0,00                0,00                0,00              255,00                0,00                0,00                0,00                0,00                0,00                0,00                0,00                0,00                0,00                0,00                0,00                0,00                                            xxxx01
60.992.146/0001-92SP610102SC      14202 14202 NF  1  10/08/2009S              204,00               12,00N                0,00                0,00                0,00              204,00                0,00                0,00                0,00                0,00                0,00                0,00                0,00                0,00                0,00                0,00                0,00                0,00                                            xxxx01
01.363.763/0001-60PR610102SC      14203 14203 NF  1  10/08/2009S              102,00               12,00N                0,00                0,00                0,00              102,00                0,00                0,00                0,00                0,00                0,00                0,00                0,00                0,00                0,00                0,00                0,00                0,00                                            xxxx01
04.508.154/0001-40ES610102SC      14204 14204 NF  1  11/08/2009S              156,00               12,00N                0,00                0,00                0,00              156,00                0,00                0,00                0,00                0,00                0,00                0,00                0,00                0,00                0,00                0,00                0,00                0,00                                            xxxx01
82.661.349/0001-39SC510102SC      14205 14205 NF  1  11/08/2009S               67,20               12,00N                0,00                0,00                0,00               67,20                0,00                0,00                0,00                0,00                0,00                0,00                0,00                0,00                0,00                0,00                0,00                0,00                                            xxxx01
03.812.731/0001-20SC510102SC      14206 14206 NF  1  11/08/2009S               51,00               12,00N                0,00                0,00                0,00               51,00                0,00                0,00                0,00                0,00                0,00                0,00                0,00                0,00                0,00                0,00                0,00                0,00                                            xxxx01
61.365.508/0001-88SP610102SC      14207 14207 NF  1  11/08/2009S              395,76               12,00N                0,00                0,00                0,00              395,76                0,00                0,00                0,00                0,00                0,00                0,00                0,00                0,00                0,00                0,00                0,00                0,00                                            xxxx01
07.892.893/0001-76PR610102SC      14208 14208 NF  1  11/08/2009S              204,00               12,00N                0,00                0,00                0,00              204,00                0,00                0,00                0,00                0,00                0,00                0,00                0,00                0,00                0,00                0,00                0,00                0,00                                            xxxx01
08.174.615/0001-46PR610102SC      14209 14209 NF  1  11/08/2009S              153,00               12,00N                0,00                0,00                0,00              153,00                0,00                0,00                0,00                0,00                0,00                0,00                0,00                0,00                0,00                0,00                0,00                0,00                                            xxxx01
07.844.741/0002-89SP610102SC      14210 14210 NF  1  11/08/2009S              204,00               12,00N                0,00                0,00                0,00              204,00                0,00                0,00                0,00                0,00                0,00                0,00                0,00                0,00                0,00                0,00                0,00                0,00                                            xxxx01
00.214.083/0001-11SC510102SC      14211 14211 NF  1  12/08/2009S               51,00               12,00N                0,00                0,00                0,00               51,00                0,00                0,00                0,00                0,00                0,00                0,00                0,00                0,00                0,00                0,00                0,00                0,00                                            xxxx01
02.832.159/0001-06SC510102SC      14212 14212 NF  1  12/08/2009S               67,20               12,00N                0,00                0,00                0,00               67,20                0,00                0,00                0,00                0,00                0,00                0,00                0,00                0,00                0,00                0,00                0,00                0,00                                            xxxx01
01.999.830/0001-37SC510102SC      14213 14213 NF  1  12/08/2009S               51,00               12,00N                0,00                0,00                0,00               51,00                0,00                0,00                0,00                0,00                0,00                0,00                0,00                0,00                0,00                0,00                0,00                0,00                                            xxxx01
07.693.836/0001-68SP610102SC      14214 14214 NF  1  12/08/2009S              306,00               12,00N                0,00                0,00                0,00              306,00                0,00                0,00                0,00                0,00                0,00                0,00                0,00                0,00                0,00                0,00                0,00                0,00                                            xxxx01
62.498.365/0001-45SP610102SC      14215 14215 NF  1  12/08/2009S              204,00               12,00N                0,00                0,00                0,00              204,00                0,00                0,00                0,00                0,00                0,00                0,00                0,00                0,00                0,00                0,00                0,00                0,00                                            xxxx01
76.430.438/0044-01PR610102SC      14216 14216 NF  1  12/08/2009S              667,58               12,00N                0,00                0,00                0,00              667,58                0,00                0,00                0,00                0,00                0,00                0,00                0,00                0,00                0,00                0,00                0,00                0,00                                            xxxx01
76.430.438/0044-01PR691002SC      14217 14217 NF  1  12/08/2009S                0,00               00,00N                0,00                0,00                0,00                0,00                0,00                0,00                0,00                0,00                0,00                0,00                0,00                0,00                0,00                0,00                0,00                0,00                   NOTA FISCAL CANCELADA    xxxx01
76.430.438/0044-01PR691002SC      14218 14218 NF  1  12/08/2009S               69,54               12,00N                0,00                0,00                0,00               69,54                0,00                0,00                0,00                0,00                0,00                0,00                0,00                0,00                0,00                0,00                0,00                0,00                                            xxxx01
83.648.477/0018-53SC510102SC      14219 14219 NF  1  12/08/2009S                0,00               00,00N                0,00                0,00                0,00                0,00                0,00                0,00                0,00                0,00                0,00                0,00                0,00                0,00                0,00                0,00                0,00                0,00                   NOTA FISCAL CANCELADA    xxxx01
86.378.429/0005-66SC510102SC      14220 14220 NF  1  13/08/2009S                0,00               00,00N                0,00                0,00                0,00                0,00                0,00                0,00                0,00                0,00                0,00                0,00                0,00                0,00                0,00                0,00                0,00                0,00                   NOTA FISCAL CANCELADA    xxxx01
86.378.429/0005-66SC510102SC      14221 14221 NF  1  13/08/2009S              160,70               12,00N                0,00                0,00                0,00              160,70                0,00                0,00                0,00                0,00                0,00                0,00                0,00                0,00                0,00                0,00                0,00                0,00                                            xxxx01
47.508.411/0116-03SP610102SC      14222 14222 NF  1  13/08/2009S             1551,60               12,00N                0,00                0,00                0,00             1551,60                0,00                0,00                0,00                0,00                0,00                0,00                0,00                0,00                0,00                0,00                0,00                0,00                                            xxxx01
08.495.972/0001-06SC510102SC      14223 14223 NF  1  14/08/2009S               33,60               12,00N                0,00                0,00                0,00               33,60                0,00                0,00                0,00                0,00                0,00                0,00                0,00                0,00                0,00                0,00                0,00                0,00                                            xxxx01
82.956.160/0018-11SC510102SC      14224 14224 NF  1  14/08/2009S               50,44               12,00N                0,00                0,00                0,00               50,44                0,00                0,00                0,00                0,00                0,00                0,00                0,00                0,00                0,00                0,00                0,00                0,00                                            xxxx01
83.947.978/0001-92SC510102SC      14225 14225 NF  1  14/08/2009S               51,00               12,00N                0,00                0,00                0,00               51,00                0,00                0,00                0,00                0,00                0,00                0,00                0,00                0,00                0,00                0,00                0,00                0,00                                            xxxx01
61.072.898/0001-06SP610102SC      14226 14226 NF  1  14/08/2009S                0,00               00,00N                0,00                0,00                0,00                0,00                0,00                0,00                0,00                0,00                0,00                0,00                0,00                0,00                0,00                0,00                0,00                0,00                   NOTA FISCAL CANCELADA    xxxx01
66.533.696/0001-20SP610102SC      14227 14227 NF  1  14/08/2009S              306,00               12,00N                0,00                0,00                0,00              306,00                0,00                0,00                0,00                0,00                0,00                0,00                0,00                0,00                0,00                0,00                0,00                0,00                                            xxxx01
61.072.898/0001-06SP610102SC      14228 14228 NF  1  14/08/2009S              306,00               12,00N                0,00                0,00                0,00              306,00                0,00                0,00                0,00                0,00                0,00                0,00                0,00                0,00                0,00                0,00                0,00                0,00                                            xxxx01
59.350.116/0001-01SP610102SC      14229 14229 NF  1  14/08/2009S              204,00               12,00N                0,00                0,00                0,00              204,00                0,00                0,00                0,00                0,00                0,00                0,00                0,00                0,00                0,00                0,00                0,00                0,00                                            xxxx01
529.779.519-20    SC510102SC      14230 14230 NF  1  14/08/2009N             1407,60               12,00N                0,00                0,00                0,00             1407,60                0,00                0,00                0,00                0,00                0,00                0,00                0,00                0,00                0,00                0,00                0,00                0,00                                            xxxx01
10.255.946/0001-52RJ610102SC      14231 14231 NF  1  14/08/2009S              367,92               12,00N                0,00                0,00                0,00              367,92                0,00                0,00                0,00                0,00                0,00                0,00                0,00                0,00                0,00                0,00                0,00                0,00                                            xxxx01
56.501.695/0001-40SP610102SC      14232 14232 NF  1  14/08/2009S              235,20               12,00N                0,00                0,00                0,00              235,20                0,00                0,00                0,00                0,00                0,00                0,00                0,00                0,00                0,00                0,00                0,00                0,00                                            xxxx01
06.296.154/0001-59PR610102SC      14233 14233 NF  1  14/08/2009S              102,00               12,00N                0,00                0,00                0,00              102,00                0,00                0,00                0,00                0,00                0,00                0,00                0,00                0,00                0,00                0,00                0,00                0,00                                            xxxx01
54.863.410/0001-95SP610102SC      14234 14234 NF  1  14/08/2009S              178,50               12,00N                0,00                0,00                0,00              178,50                0,00                0,00                0,00                0,00                0,00                0,00                0,00                0,00                0,00                0,00                0,00                0,00                                            xxxx01
025.536.539-05    CE610102SC      14235 14235 NF  1  14/08/2009N              105,00               12,00N                0,00                0,00                0,00              105,00                0,00                0,00                0,00                0,00                0,00                0,00                0,00                0,00                0,00                0,00                0,00                0,00                                            xxxx01
07.714.437/0001-36PR610102SC      14236 14236 NF  1  17/08/2009S             1642,20               12,00N                0,00                0,00                0,00             1642,20                0,00                0,00                0,00                0,00                0,00                0,00                0,00                0,00                0,00                0,00                0,00                0,00                                            xxxx01
73.697.443/0001-57SC510102SC      14237 14237 NF  1  17/08/2009S              102,00               12,00N                0,00                0,00                0,00              102,00                0,00                0,00                0,00                0,00                0,00                0,00                0,00                0,00                0,00                0,00                0,00                0,00                                            xxxx01
04.004.986/0001-29MG610102SC      14238 14238 NF  1  17/08/2009S              345,00               12,00N                0,00                0,00                0,00              345,00                0,00                0,00                0,00                0,00                0,00                0,00                0,00                0,00                0,00                0,00                0,00                0,00                                            xxxx01
93.209.765/0006-21RS610102SC      14239 14239 NF  1  17/08/2009S              311,28               12,00N                0,00                0,00                0,00              311,28                0,00                0,00                0,00                0,00                0,00                0,00                0,00                0,00                0,00                0,00                0,00                0,00                                            xxxx01
778.065.577-68    PE610102SC      14240 14240 NF  1  18/08/2009N              175,50               12,00N                0,00                0,00                0,00              175,50                0,00                0,00                0,00                0,00                0,00                0,00                0,00                0,00                0,00                0,00                0,00                0,00                                            xxxx01
01.511.761/0001-70SC510102SC      14241 14241 NF  1  18/08/2009S               51,00               12,00N                0,00                0,00                0,00               51,00                0,00                0,00                0,00                0,00                0,00                0,00                0,00                0,00                0,00                0,00                0,00                0,00                                            xxxx01
02.671.621/0001-22SC510102SC      14242 14242 NF  1  18/08/2009S               67,80               12,00N                0,00                0,00                0,00               67,80                0,00                0,00                0,00                0,00                0,00                0,00                0,00                0,00                0,00                0,00                0,00                0,00                                            xxxx01
76.871.573/0001-52SC510102SC      14243 14243 NF  1  18/08/2009S               51,00               12,00N                0,00                0,00                0,00               51,00                0,00                0,00                0,00                0,00                0,00                0,00                0,00                0,00                0,00                0,00                0,00                0,00                                            xxxx01
00.252.713/0001-42SC510102SC      14244 14244 NF  1  18/08/2009S              118,20               12,00N                0,00                0,00                0,00              118,20                0,00                0,00                0,00                0,00                0,00                0,00                0,00                0,00                0,00                0,00                0,00                0,00                                            xxxx01
272.161.258-19    SP610102SC      14245 14245 NF  1  18/08/2009N              102,00               12,00N                0,00                0,00                0,00              102,00                0,00                0,00                0,00                0,00                0,00                0,00                0,00                0,00                0,00                0,00                0,00                0,00                                            xxxx01
75.528.018/0001-60SC510102SC      14246 14246 NF  1  18/08/2009S              169,20               12,00N                0,00                0,00                0,00              169,20                0,00                0,00                0,00                0,00                0,00                0,00                0,00                0,00                0,00                0,00                0,00                0,00                                            xxxx01
75.394.189/0004-96SC510102SC      14247 14247 NF  1  18/08/2009S              130,55               12,00N                0,00                0,00                0,00              130,55                0,00                0,00                0,00                0,00                0,00                0,00                0,00                0,00                0,00                0,00                0,00                0,00                                            xxxx01
10.269.046/0001-64SC510102SC      14248 14248 NF  1  18/08/2009S                0,00               00,00N                0,00                0,00                0,00                0,00                0,00                0,00                0,00                0,00                0,00                0,00                0,00                0,00                0,00                0,00                0,00                0,00                   NOTA FISCAL CANCELADA    xxxx01
10.269.046/0001-64SC510102SC      14249 14249 NF  1  18/08/2009S               51,00               12,00N                0,00                0,00                0,00               51,00                0,00                0,00                0,00                0,00                0,00                0,00                0,00                0,00                0,00                0,00                0,00                0,00                                            xxxx01
47.508.411/0116-03SP610102SC      14250 14250 NF  1  19/08/2009S             2586,00               12,00N                0,00                0,00                0,00             2586,00                0,00                0,00                0,00                0,00                0,00                0,00                0,00                0,00                0,00                0,00                0,00                0,00                                            xxxx01
09.014.480/0002-03SP610102SC      14251 14251 NF  1  19/08/2009S              178,50               12,00N                0,00                0,00                0,00              178,50                0,00                0,00                0,00                0,00                0,00                0,00                0,00                0,00                0,00                0,00                0,00                0,00                                            xxxx01
09.104.273/0001-50SP610102SC      14252 14252 NF  1  19/08/2009S              178,50               12,00N                0,00                0,00                0,00              178,50                0,00                0,00                0,00                0,00                0,00                0,00                0,00                0,00                0,00                0,00                0,00                0,00                                            xxxx01
09.014.480/0001-14SP610102SC      14253 14253 NF  1  19/08/2009S              178,50               12,00N                0,00                0,00                0,00              178,50                0,00                0,00                0,00                0,00                0,00                0,00                0,00                0,00                0,00                0,00                0,00                0,00                                            xxxx01
86.378.866/0001-56SC510102SC      14254 14254 NF  1  19/08/2009S              405,60               12,00N                0,00                0,00                0,00              405,60                0,00                0,00                0,00                0,00                0,00                0,00                0,00                0,00                0,00                0,00                0,00                0,00                                            xxxx01
83.648.477/0018-53SC510102SC      14255 14255 NF  1  19/08/2009S              125,26               12,00N                0,00                0,00                0,00              125,26                0,00                0,00                0,00                0,00                0,00                0,00                0,00                0,00                0,00                0,00                0,00                0,00                                            xxxx01
83.261.420/0007-44SC510102SC      14256 14256 NF  1  20/08/2009S               33,60               12,00N                0,00                0,00                0,00               33,60                0,00                0,00                0,00                0,00                0,00                0,00                0,00                0,00                0,00                0,00                0,00                0,00                                            xxxx01
83.261.420/0004-00SC510102SC      14257 14257 NF  1  20/08/2009S               33,60               12,00N                0,00                0,00                0,00               33,60                0,00                0,00                0,00                0,00                0,00                0,00                0,00                0,00                0,00                0,00                0,00                0,00                                            xxxx01
01.828.135/0001-02SC510102SC      14258 14258 NF  1  24/08/2009S              135,60               12,00N                0,00                0,00                0,00              135,60                0,00                0,00                0,00                0,00                0,00                0,00                0,00                0,00                0,00                0,00                0,00                0,00                                            xxxx01
82.749.987/0001-06SC510102SC      14259 14259 NF  1  24/08/2009S              170,00               12,00N                0,00                0,00                0,00              170,00                0,00                0,00                0,00                0,00                0,00                0,00                0,00                0,00                0,00                0,00                0,00                0,00                                            xxxx01
05.605.755/0001-33SC510102SC      14260 14260 NF  1  24/08/2009S               84,60               12,00N                0,00                0,00                0,00               84,60                0,00                0,00                0,00                0,00                0,00                0,00                0,00                0,00                0,00                0,00                0,00                0,00                                            xxxx01
03.277.259/0001-72SC510102SC      14261 14261 NF  1  24/08/2009S              373,20               12,00N                0,00                0,00                0,00              373,20                0,00                0,00                0,00                0,00                0,00                0,00                0,00                0,00                0,00                0,00                0,00                0,00                                            xxxx01
83.646.984/0019-39SC510102SC      14262 14262 NF  1  24/08/2009S             1889,40               12,00N                0,00                0,00                0,00             1889,40                0,00                0,00                0,00                0,00                0,00                0,00                0,00                0,00                0,00                0,00                0,00                0,00                                            xxxx01
83.646.984/0021-53SC510102SC      14263 14263 NF  1  24/08/2009S             2072,16               12,00N                0,00                0,00                0,00             2072,16                0,00                0,00                0,00                0,00                0,00                0,00                0,00                0,00                0,00                0,00                0,00                0,00                                            xxxx01
83.646.984/0015-05SC510102SC      14264 14264 NF  1  24/08/2009S               55,08               12,00N                0,00                0,00                0,00               55,08                0,00                0,00                0,00                0,00                0,00                0,00                0,00                0,00                0,00                0,00                0,00                0,00                                            xxxx01
83.646.984/0035-59SC510102SC      14265 14265 NF  1  24/08/2009S              330,48               12,00N                0,00                0,00                0,00              330,48                0,00                0,00                0,00                0,00                0,00                0,00                0,00                0,00                0,00                0,00                0,00                0,00                                            xxxx01
83.646.984/0043-69PR610102SC      14266 14266 NF  1  24/08/2009S              330,48               12,00N                0,00                0,00                0,00              330,48                0,00                0,00                0,00                0,00                0,00                0,00                0,00                0,00                0,00                0,00                0,00                0,00                                            xxxx01
83.646.984/0014-24SC510102SC      14267 14267 NF  1  24/08/2009S              385,56               12,00N                0,00                0,00                0,00              385,56                0,00                0,00                0,00                0,00                0,00                0,00                0,00                0,00                0,00                0,00                0,00                0,00                                            xxxx01
83.646.984/0030-44SC510102SC      14268 14268 NF  1  24/08/2009S              826,20               12,00N                0,00                0,00                0,00              826,20                0,00                0,00                0,00                0,00                0,00                0,00                0,00                0,00                0,00                0,00                0,00                0,00                                            xxxx01
83.646.984/0022-34SC510102SC      14269 14269 NF  1  24/08/2009S              192,78               12,00N                0,00                0,00                0,00              192,78                0,00                0,00                0,00                0,00                0,00                0,00                0,00                0,00                0,00                0,00                0,00                0,00                                            xxxx01
83.646.984/0016-96SC510102SC      14270 14270 NF  1  24/08/2009S              275,40               12,00N                0,00                0,00                0,00              275,40                0,00                0,00                0,00                0,00                0,00                0,00                0,00                0,00                0,00                0,00                0,00                0,00                                            xxxx01
83.646.984/0009-67SC510102SC      14271 14271 NF  1  24/08/2009S              165,24               12,00N                0,00                0,00                0,00              165,24                0,00                0,00                0,00                0,00                0,00                0,00                0,00                0,00                0,00                0,00                0,00                0,00                                            xxxx01
83.646.984/0008-86SC510102SC      14272 14272 NF  1  24/08/2009S              165,24               12,00N                0,00                0,00                0,00              165,24                0,00                0,00                0,00                0,00                0,00                0,00                0,00                0,00                0,00                0,00                0,00                0,00                                            xxxx01
83.646.984/0067-36SC510102SC      14273 14273 NF  1  24/08/2009S              284,16               12,00N                0,00                0,00                0,00              284,16                0,00                0,00                0,00                0,00                0,00                0,00                0,00                0,00                0,00                0,00                0,00                0,00                                            xxxx01
83.646.984/0049-54SC510102SC      14274 14274 NF  1  24/08/2009S              548,28               12,00N                0,00                0,00                0,00              548,28                0,00                0,00                0,00                0,00                0,00                0,00                0,00                0,00                0,00                0,00                0,00                0,00                                            xxxx01
83.646.984/0037-10SC510102SC      14275 14275 NF  1  24/08/2009S              348,00               12,00N                0,00                0,00                0,00              348,00                0,00                0,00                0,00                0,00                0,00                0,00                0,00                0,00                0,00                0,00                0,00                0,00                                            xxxx01
83.646.984/0018-58SC510102SC      14276 14276 NF  1  24/08/2009S             1064,04               12,00N                0,00                0,00                0,00             1064,04                0,00                0,00                0,00                0,00                0,00                0,00                0,00                0,00                0,00                0,00                0,00                0,00                                            xxxx01
83.646.984/0072-01SC510102SC      14277 14277 NF  1  24/08/2009S              714,78               12,00N                0,00                0,00                0,00              714,78                0,00                0,00                0,00                0,00                0,00                0,00                0,00                0,00                0,00                0,00                0,00                0,00                                            xxxx01
372.319.106-10    MG610102SC      14278 14278 NF  1  25/08/2009N              315,36               12,00N                0,00                0,00                0,00              315,36                0,00                0,00                0,00                0,00                0,00                0,00                0,00                0,00                0,00                0,00                0,00                0,00                                            xxxx01
82.227.299/0001-86PR610102SC      14279 14279 NF  1  25/08/2009S              204,00               12,00N                0,00                0,00                0,00              204,00                0,00                0,00                0,00                0,00                0,00                0,00                0,00                0,00                0,00                0,00                0,00                0,00                                            xxxx01
02.550.752/0001-51SC510102SC      14280 14280 NF  1  25/08/2009S               51,00               12,00N                0,00                0,00                0,00               51,00                0,00                0,00                0,00                0,00                0,00                0,00                0,00                0,00                0,00                0,00                0,00                0,00                                            xxxx01
05.609.933/0001-02SC510102SC      14281 14281 NF  1  25/08/2009S              102,00               12,00N                0,00                0,00                0,00              102,00                0,00                0,00                0,00                0,00                0,00                0,00                0,00                0,00                0,00                0,00                0,00                0,00                                            xxxx01
05.648.483/0001-59RS610102SC      14282 14282 NF  1  25/08/2009S              153,00               12,00N                0,00                0,00                0,00              153,00                0,00                0,00                0,00                0,00                0,00                0,00                0,00                0,00                0,00                0,00                0,00                0,00                                            xxxx01
02.831.172/0001-32SC510102SC      14283 14283 NF  1  25/08/2009S              134,40               12,00N                0,00                0,00                0,00              134,40                0,00                0,00                0,00                0,00                0,00                0,00                0,00                0,00                0,00                0,00                0,00                0,00                                            xxxx01
02.831.172/0004-85SC510102SC      14284 14284 NF  1  25/08/2009S              268,80               12,00N                0,00                0,00                0,00              268,80                0,00                0,00                0,00                0,00                0,00                0,00                0,00                0,00                0,00                0,00                0,00                0,00                                            xxxx01
73.697.443/0001-57SC510102SC      14285 14285 NF  1  25/08/2009S               85,00               12,00N                0,00                0,00                0,00               85,00                0,00                0,00                0,00                0,00                0,00                0,00                0,00                0,00                0,00                0,00                0,00                0,00                                            xxxx01
92.662.592/0001-25RS610102SC      14286 14286 NF  1  26/08/2009S              408,00               12,00N                0,00                0,00                0,00              408,00                0,00                0,00                0,00                0,00                0,00                0,00                0,00                0,00                0,00                0,00                0,00                0,00                                            xxxx01
83.648.477/0018-53SC510102SC      14287 14287 NF  1  26/08/2009S              150,80               12,00N                0,00                0,00                0,00              150,80                0,00                0,00                0,00                0,00                0,00                0,00                0,00                0,00                0,00                0,00                0,00                0,00                                            xxxx01
07.714.437/0001-36PR610102SC      14288 14288 NF  1  26/08/2009S             3659,76               12,00N                0,00                0,00                0,00             3659,76                0,00                0,00                0,00                0,00                0,00                0,00                0,00                0,00                0,00                0,00                0,00                0,00                                            xxxx01
83.648.477/0016-91SC510102SC      14289 14289 NF  1  26/08/2009S              149,06               12,00N                0,00                0,00                0,00              149,06                0,00                0,00                0,00                0,00                0,00                0,00                0,00                0,00                0,00                0,00                0,00                0,00                                            xxxx01
47.508.411/0116-03SP610102SC      14290 14290 NF  1  27/08/2009S             1810,20               12,00N                0,00                0,00                0,00             1810,20                0,00                0,00                0,00                0,00                0,00                0,00                0,00                0,00                0,00                0,00                0,00                0,00                                            xxxx01
93.209.765/0006-21RS610102SC      14291 14291 NF  1  27/08/2009S              242,16               12,00N                0,00                0,00                0,00              242,16                0,00                0,00                0,00                0,00                0,00                0,00                0,00                0,00                0,00                0,00                0,00                0,00                                            xxxx01
54.031.992/0001-43SP610102SC      14292 14292 NF  1  27/08/2009S              203,20               12,00N                0,00                0,00                0,00              203,20                0,00                0,00                0,00                0,00                0,00                0,00                0,00                0,00                0,00                0,00                0,00                0,00                                            xxxx01
93.015.006/0014-38RS610102SC      14293 14293 NF  1  27/08/2009S              825,60               12,00N                0,00                0,00                0,00              825,60                0,00                0,00                0,00                0,00                0,00                0,00                0,00                0,00                0,00                0,00                0,00                0,00                                            xxxx01
05.335.460/0001-94SP610102SC      14294 14294 NF  1  27/08/2009S              197,88               12,00N                0,00                0,00                0,00              197,88                0,00                0,00                0,00                0,00                0,00                0,00                0,00                0,00                0,00                0,00                0,00                0,00                                            xxxx01
78.522.273/0001-93SC510102SC      14295 14295 NF  1  28/08/2009S              102,00               12,00N                0,00                0,00                0,00              102,00                0,00                0,00                0,00                0,00                0,00                0,00                0,00                0,00                0,00                0,00                0,00                0,00                                            xxxx01
00.826.681/0001-41SC510102SC      14296 14296 NF  1  28/08/2009S               67,20               12,00N                0,00                0,00                0,00               67,20                0,00                0,00                0,00                0,00                0,00                0,00                0,00                0,00                0,00                0,00                0,00                0,00                                            xxxx01
03.602.625/0001-11SC510102SC      14297 14297 NF  1  28/08/2009S               51,00               12,00N                0,00                0,00                0,00               51,00                0,00                0,00                0,00                0,00                0,00                0,00                0,00                0,00                0,00                0,00                0,00                0,00                                            xxxx01
07.471.540/0001-00SC510102SC      14298 14298 NF  1  28/08/2009S               51,00               12,00N                0,00                0,00                0,00               51,00                0,00                0,00                0,00                0,00                0,00                0,00                0,00                0,00                0,00                0,00                0,00                0,00                                            xxxx01
82.710.716/0001-47SC510102SC      14299 14299 NF  1  28/08/2009S               51,00               12,00N                0,00                0,00                0,00               51,00                0,00                0,00                0,00                0,00                0,00                0,00                0,00                0,00                0,00                0,00                0,00                0,00                                            xxxx01
73.697.443/0001-57SC510102SC      14300 14300 NF  1  28/08/2009S              276,25               12,00N                0,00                0,00                0,00              276,25                0,00                0,00                0,00                0,00                0,00                0,00                0,00                0,00                0,00                0,00                0,00                0,00                                            xxxx01
08.672.340/0001-70SC510102SC      14301 14301 NF  1  28/08/2009S              357,00               12,00N                0,00                0,00                0,00              357,00                0,00                0,00                0,00                0,00                0,00                0,00                0,00                0,00                0,00                0,00                0,00                0,00                                            xxxx01
43.339.548/0001-73SP610102SC      14302 14302 NF  1  28/08/2009S              204,00               12,00N                0,00                0,00                0,00              204,00                0,00                0,00                0,00                0,00                0,00                0,00                0,00                0,00                0,00                0,00                0,00                0,00                                            xxxx01
82.647.165/0002-03SC510102SC      14303 14303 NF  1  28/08/2009S              153,00               12,00N                0,00                0,00                0,00              153,00                0,00                0,00                0,00                0,00                0,00                0,00                0,00                0,00                0,00                0,00                0,00                0,00                                            xxxx01
